[[595, 319],
[589, 328],
[583, 337],
[576, 346],
[570, 355],
[563, 363],
[556, 372],
[549, 381],
[543, 390],
[536, 399],
[529, 407],
[527, 407],
[523, 406],
[514, 406],
[506, 405],
[498, 404],
[477, 396],
[477, 398],
[466, 395],
[457, 391],
[447, 386],
[438, 381],
[429, 376],
[420, 369],
[411, 362],
[403, 353],
[394, 344],
[388, 335],
[381, 326],
[374, 317],
[368, 307],
[362, 299],
[356, 288],
[350, 278],
[344, 267],
[338, 256],
[332, 244],
[326, 233],
[321, 222],
[316, 212],
[312, 202],
[308, 192],
[305, 182],
[301, 173],
[298, 163],
[294, 152],
[290, 142],
[286, 132],
[282, 122],
[280, 111],
[277, 101],
[277, 100],
[278, 102],
[281, 101],
[287, 101],
[296, 99],
[305, 97],
[314, 97],
[324, 98],
[332, 100],
[343, 105],
[353, 109],
[364, 115],
[373, 121],
[382, 127],
[390, 134],
[397, 142],
[404, 151],
[411, 160],
[417, 168],
[423, 178],
[429, 186],
[436, 195],
[443, 205],
[451, 214],
[458, 223],
[466, 231],
[474, 239],
[482, 248],
[490, 255],
[498, 263],
[506, 271],
[515, 277],
[523, 283],
[532, 290],
[552, 306],
[549, 303],
[556, 309],
[564, 315],
[573, 323],
[581, 329],
[598, 348],
[606, 352],
[616, 360],
[617, 360],
[625, 368],
[633, 376],
[646, 390],
[648, 392],
[655, 401],
[662, 407],
[-1, -1],
[669, 408],
[667, 409],
[666, 406],
[664, 410],
[658, 413],
[-1, -1],
[659, 420],
[672, 414],
[-1, -1],
[671, 401],
[664, 398],
[666, 392],
[662, 383],
[662, 374],
[662, 365],
[662, 356],
[661, 346],
[660, 336],
[659, 325],
[658, 315],
[657, 305],
[656, 296],
[655, 286],
[655, 275],
[655, 266],
[656, 256],
[657, 246],
[658, 235],
[659, 225],
[660, 215],
[660, 205],
[661, 195],
[661, 184],
[661, 175],
[660, 164],
[659, 155],
[657, 146],
[656, 136],
[654, 124],
[653, 113],
[652, 102],
[652, 102],
[654, 103],
[657, 103],
[661, 102],
[661, 98],
[663, 93],
[664, 93],
[665, 93],
[665, 94],
[665, 95],
[666, 96],
[666, 96],
[667, 96],
[667, 96],
[668, 96],
[670, 96],
[670, 96],
[671, 96],
[671, 96],
[672, 96],
[670, 97],
[669, 97],
[668, 97],
[667, 97],
[665, 96],
[664, 95],
[664, 95],
[665, 93],
[665, 92],
[664, 91],
[663, 90],
[-1, -1],
[-1, -1],
[-1, -1],
[663, 95],
[664, 100],
[666, 108],
[668, 118],
[669, 127],
[670, 136],
[670, 144],
[669, 153],
[668, 164],
[666, 174],
[664, 183],
[661, 194],
[659, 203],
[656, 212],
[653, 221],
[650, 231],
[645, 241],
[641, 250],
[637, 259],
[633, 268],
[630, 275],
[625, 284],
[610, 314],
[610, 312],
[606, 322],
[603, 331],
[601, 340],
[598, 351],
[595, 361],
[593, 369],
[590, 379],
[589, 387],
[586, 398],
[585, 405],
[584, 405],
[584, 405],
[584, 410],
[584, 410],
[573, 412],
[567, 415],
[560, 417],
[548, 424],
[551, 424],
[-1, -1],
[529, 408],
[522, 403],
[515, 397],
[507, 391],
[499, 384],
[490, 377],
[482, 371],
[473, 364],
[464, 359],
[454, 352],
[446, 348],
[437, 342],
[429, 336],
[421, 330],
[414, 323],
[406, 316],
[399, 309],
[392, 300],
[385, 292],
[378, 283],
[371, 274],
[365, 265],
[359, 255],
[353, 245],
[347, 236],
[341, 225],
[336, 215],
[330, 205],
[324, 196],
[319, 186],
[313, 177],
[308, 167],
[302, 157],
[297, 147],
[292, 137],
[288, 128],
[283, 118],
[279, 108],
[275, 99],
[272, 101],
[270, 106],
[263, 106],
[255, 106],
[246, 106],
[236, 106],
[226, 105],
[215, 106],
[204, 107],
[193, 109],
[182, 111],
[170, 113],
[150, 118],
[164, 115],
[163, 117],
[162, 120],
[164, 124],
[164, 131],
[164, 139],
[165, 148],
[167, 159],
[169, 167],
[170, 177],
[172, 188],
[174, 198],
[175, 208],
[176, 218],
[177, 228],
[177, 240],
[176, 252],
[179, 249],
[173, 275],
[171, 285],
[170, 295],
[166, 316],
[-1, -1],
[167, 324],
[166, 334],
[164, 356],
[163, 354],
[155, 379],
[-1, -1],
[157, 384],
[150, 410],
[154, 400],
[147, 415],
[155, 408],
[156, 408],
[158, 409],
[161, 401],
[158, 409],
[155, 407],
[149, 422],
[145, 415],
[147, 420],
[-1, -1],
[158, 408],
[163, 395],
[149, 409],
[149, 415],
[151, 413],
[163, 397],
[-1, -1],
[154, 417],
[149, 418],
[156, 412],
[149, 418],
[-1, -1],
[147, 415],
[153, 406],
[153, 414],
[-1, -1],
[155, 414],
[171, 411],
[183, 409],
[193, 407],
[203, 403],
[217, 399],
[229, 395],
[240, 391],
[250, 387],
[261, 382],
[271, 376],
[280, 371],
[290, 364],
[299, 358],
[308, 351],
[317, 344],
[327, 337],
[336, 330],
[345, 324],
[355, 317],
[364, 310],
[373, 304],
[381, 298],
[390, 292],
[399, 287],
[408, 282],
[417, 278],
[426, 273],
[435, 269],
[445, 263],
[456, 258],
[467, 253],
[477, 249],
[486, 245],
[497, 240],
[507, 236],
[518, 232],
[529, 228],
[539, 223],
[550, 219],
[560, 213],
[569, 208],
[579, 202],
[589, 197],
[599, 192],
[611, 185],
[634, 176],
[629, 175],
[640, 168],
[650, 162],
[659, 155],
[662, 150],
[656, 145],
[654, 135],
[653, 125],
[652, 116],
[652, 105],
[653, 102],
[655, 104],
[659, 105],
[664, 102],
[662, 101],
[662, 98],
[663, 99],
[663, 97],
[665, 97],
[664, 98],
[665, 100],
[664, 99],
[664, 98],
[666, 97],
[667, 97],
[666, 97],
[666, 100],
[665, 99],
[664, 98],
[664, 97],
[665, 96],
[666, 95],
[665, 94],
[665, 95],
[665, 94],
[666, 93],
[666, 93],
[666, 93],
[666, 92],
[-1, -1],
[664, 93],
[663, 93],
[662, 92],
[661, 92],
[661, 98],
[666, 102],
[668, 107],
[669, 112],
[670, 118],
[670, 125],
[670, 133],
[670, 141],
[669, 150],
[668, 158],
[666, 182],
[668, 177],
[668, 186],
[668, 198],
[670, 222],
[670, 218],
[671, 227],
[-1, -1],
[675, 246],
[674, 254],
[671, 260],
[669, 267],
[669, 275],
[668, 284],
[668, 294],
[668, 302],
[669, 310],
[670, 320],
[-1, -1],
[673, 336],
[674, 343],
[674, 352],
[674, 361],
[678, 374],
[673, 383],
[673, 393],
[672, 402],
[673, 405],
[673, 406],
[670, 407],
[661, 418],
[660, 406],
[657, 404],
[658, 404],
[658, 401],
[648, 405],
[638, 406],
[640, 402],
[631, 403],
[621, 403],
[610, 403],
[598, 402],
[588, 400],
[579, 398],
[570, 394],
[548, 386],
[549, 386],
[539, 381],
[530, 376],
[521, 371],
[512, 365],
[504, 358],
[496, 352],
[489, 345],
[482, 338],
[475, 329],
[468, 319],
[462, 310],
[456, 301],
[450, 290],
[444, 281],
[438, 270],
[432, 260],
[427, 251],
[421, 241],
[416, 232],
[410, 222],
[404, 213],
[398, 203],
[393, 193],
[388, 184],
[384, 176],
[380, 166],
[375, 156],
[370, 145],
[365, 135],
[360, 124],
[354, 113],
[350, 102],
[348, 99],
[350, 105],
[354, 107],
[361, 106],
[370, 105],
[380, 105],
[390, 107],
[400, 109],
[409, 111],
[418, 117],
[427, 124],
[434, 132],
[442, 140],
[449, 150],
[456, 159],
[464, 168],
[471, 177],
[478, 184],
[486, 191],
[493, 197],
[501, 204],
[509, 211],
[516, 217],
[524, 223],
[531, 230],
[540, 238],
[548, 245],
[557, 253],
[566, 261],
[574, 269],
[592, 286],
[590, 284],
[598, 291],
[606, 298],
[615, 305],
[622, 311],
[-1, -1],
[640, 328],
[649, 338],
[657, 345],
[663, 351],
[663, 352],
[662, 358],
[658, 365],
[652, 372],
[645, 378],
[636, 386],
[628, 391],
[620, 396],
[612, 401],
[603, 405],
[596, 409],
[590, 412],
[585, 410],
[568, 400],
[570, 402],
[564, 397],
[557, 392],
[549, 385],
[541, 377],
[534, 368],
[526, 360],
[519, 351],
[511, 343],
[503, 335],
[495, 327],
[487, 319],
[478, 310],
[470, 303],
[462, 295],
[452, 286],
[444, 279],
[436, 270],
[428, 263],
[420, 256],
[412, 249],
[403, 242],
[396, 236],
[388, 231],
[380, 226],
[372, 221],
[363, 215],
[354, 209],
[346, 203],
[338, 196],
[330, 189],
[322, 180],
[314, 172],
[307, 163],
[300, 155],
[293, 146],
[286, 137],
[280, 129],
[273, 121],
[266, 112],
[259, 103],
[254, 97],
[251, 102],
[245, 105],
[237, 105],
[228, 103],
[218, 102],
[207, 101],
[194, 99],
[183, 98],
[173, 97],
[165, 96],
[164, 97],
[162, 100],
[159, 103],
[158, 108],
[159, 114],
[162, 122],
[165, 128],
[170, 135],
[176, 142],
[184, 147],
[191, 152],
[200, 156],
[211, 161],
[222, 166],
[232, 171],
[243, 175],
[253, 179],
[263, 184],
[271, 188],
[281, 193],
[290, 200],
[298, 206],
[307, 213],
[316, 220],
[325, 228],
[334, 236],
[342, 243],
[350, 251],
[359, 259],
[366, 267],
[374, 275],
[380, 283],
[387, 292],
[393, 301],
[398, 311],
[403, 320],
[407, 331],
[411, 341],
[414, 350],
[417, 360],
[418, 370],
[418, 381],
[417, 392],
[416, 402],
[416, 406],
[417, 404],
[414, 405],
[410, 406],
[402, 408],
[394, 408],
[383, 407],
[372, 406],
[362, 405],
[351, 402],
[341, 399],
[330, 395],
[320, 390],
[309, 385],
[298, 378],
[278, 364],
[278, 364],
[268, 356],
[258, 347],
[250, 339],
[240, 331],
[232, 322],
[223, 315],
[216, 307],
[206, 299],
[199, 291],
[192, 285],
[184, 278],
[177, 271],
[169, 261],
[162, 253],
[156, 245],
[-1, -1],
[159, 236],
[163, 230],
[171, 223],
[178, 217],
[188, 210],
[198, 203],
[209, 197],
[220, 192],
[230, 187],
[241, 183],
[252, 179],
[263, 177],
[273, 175],
[283, 174],
[292, 174],
[302, 175],
[313, 177],
[323, 179],
[333, 182],
[344, 185],
[355, 188],
[365, 191],
[376, 194],
[386, 197],
[396, 200],
[407, 203],
[417, 207],
[427, 210],
[-1, -1],
[448, 217],
[457, 221],
[465, 225],
[474, 230],
[482, 236],
[491, 243],
[499, 250],
[506, 257],
[514, 265],
[522, 274],
[530, 283],
[537, 291],
[544, 300],
[550, 308],
[557, 316],
[564, 327],
[570, 336],
[577, 345],
[584, 353],
[591, 362],
[600, 371],
[608, 379],
[617, 387],
[633, 406],
[633, 402],
[640, 408],
[659, 420],
[658, 413],
[657, 412],
[661, 412],
[674, 424],
[-1, -1],
[-1, -1],
[-1, -1],
[666, 401],
[666, 408],
[-1, -1],
[668, 401],
[674, 424],
[676, 424],
[665, 416],
[665, 414],
[-1, -1],
[670, 403],
[-1, -1],
[666, 408],
[-1, -1],
[649, 418],
[654, 408],
[647, 411],
[650, 416],
[-1, -1],
[-1, -1],
[610, 424],
[-1, -1],
[-1, -1],
[589, 416],
[580, 414],
[569, 413],
[558, 410],
[546, 408],
[534, 405],
[523, 402],
[511, 398],
[499, 394],
[489, 390],
[479, 386],
[470, 382],
[460, 377],
[451, 372],
[442, 367],
[433, 362],
[425, 356],
[416, 348],
[407, 341],
[399, 334],
[391, 326],
[383, 318],
[375, 309],
[368, 301],
[362, 292],
[356, 283],
[351, 274],
[347, 263],
[343, 254],
[339, 242],
[336, 231],
[334, 220],
[331, 209],
[328, 198],
[326, 187],
[324, 177],
[321, 167],
[320, 156],
[319, 145],
[318, 134],
[319, 123],
[321, 112],
[324, 101],
[325, 95],
[325, 97],
[329, 97],
[336, 98],
[343, 100],
[351, 103],
[359, 107],
[369, 112],
[378, 117],
[388, 122],
[397, 127],
[407, 132],
[417, 137],
[427, 141],
[437, 145],
[446, 149],
[456, 153],
[465, 158],
[476, 163],
[486, 169],
[497, 175],
[506, 182],
[515, 189],
[523, 197],
[531, 206],
[538, 216],
[541, 213],
[550, 237],
[556, 248],
[561, 258],
[565, 269],
[569, 278],
[573, 288],
[576, 302],
[578, 312],
[580, 323],
[582, 334],
[582, 346],
[583, 359],
[583, 370],
[582, 380],
[581, 392],
[578, 403],
[578, 405],
[568, 407],
[574, 398],
[567, 394],
[558, 387],
[552, 383],
[545, 376],
[538, 369],
[533, 360],
[528, 351],
[523, 341],
[519, 331],
[515, 321],
[511, 309],
[507, 299],
[504, 289],
[501, 278],
[498, 266],
[495, 256],
[492, 245],
[489, 234],
[486, 225],
[483, 214],
[480, 203],
[478, 193],
[475, 181],
[471, 170],
[467, 159],
[463, 148],
[459, 136],
[456, 126],
[453, 114],
[449, 103],
[448, 101],
[446, 106],
[444, 106],
[443, 104],
[441, 99],
[438, 100],
[433, 100],
[426, 96],
[418, 92],
[408, 89],
[398, 86],
[389, 84],
[379, 82],
[372, 84],
[362, 90],
[352, 96],
[343, 103],
[335, 109],
[328, 117],
[322, 125],
[315, 135],
[309, 144],
[303, 154],
[298, 165],
[291, 176],
[286, 186],
[280, 196],
[274, 204],
[267, 211],
[261, 219],
[253, 227],
[247, 234],
[239, 241],
[230, 247],
[221, 254],
[211, 259],
[202, 264],
[191, 270],
[181, 274],
[171, 279],
[162, 283],
[162, 284],
[161, 287],
[160, 289],
[161, 293],
[162, 297],
[161, 305],
[160, 312],
[160, 321],
[160, 331],
[160, 340],
[160, 351],
[161, 360],
[162, 369],
[161, 380],
[161, 388],
[160, 398],
[160, 405],
[161, 406],
[162, 407],
[155, 409],
[161, 406],
[151, 411],
[157, 402],
[160, 416],
[-1, -1],
[157, 406],
[-1, -1],
[149, 411],
[-1, -1],
[-1, -1],
[151, 397],
[-1, -1],
[145, 413],
[152, 419],
[-1, -1],
[-1, -1],
[152, 418],
[-1, -1],
[152, 406],
[-1, -1],
[-1, -1],
[145, 422],
[-1, -1],
[-1, -1],
[157, 393],
[-1, -1],
[-1, -1],
[-1, -1],
[147, 413],
[145, 420],
[153, 407],
[154, 416],
[158, 408],
[167, 397],
[166, 408],
[-1, -1],
[155, 407],
[149, 411],
[-1, -1],
[145, 420],
[147, 415],
[-1, -1],
[151, 422],
[155, 397],
[156, 405],
[-1, -1],
[149, 415],
[149, 415],
[-1, -1],
[147, 420],
[150, 420],
[-1, -1],
[152, 418],
[143, 420],
[-1, -1],
[150, 422],
[147, 422],
[-1, -1],
[-1, -1],
[-1, -1],
[-1, -1],
[-1, -1],
[-1, -1],
[158, 409],
[-1, -1],
[149, 413],
[147, 413],
[157, 405],
[145, 420],
[153, 407],
[150, 422],
[149, 413],
[149, 411],
[157, 403],
[157, 403],
[145, 415],
[145, 419],
[-1, -1],
[156, 408],
[151, 412],
[157, 409],
[151, 413],
[165, 401],
[161, 410],
[160, 411],
[-1, -1],
[149, 422],
[151, 413],
[148, 413],
[160, 412],
[-1, -1],
[151, 411],
[160, 410],
[153, 409],
[159, 410],
[166, 410],
[145, 415],
[-1, -1],
[151, 409],
[155, 403],
[154, 422],
[-1, -1],
[-1, -1],
[152, 420],
[-1, -1],
[-1, -1],
[-1, -1],
[-1, -1],
[-1, -1],
[145, 415],
[145, 418],
[147, 415],
[147, 420],
[157, 407],
[157, 407],
[155, 403],
[-1, -1],
[156, 407],
[149, 411],
[154, 406],
[-1, -1],
[156, 416],
[157, 391],
[156, 422],
[-1, -1],
[-1, -1],
[-1, -1],
[-1, -1],
[143, 417],
[-1, -1],
[151, 409],
[145, 415],
[150, 422],
[149, 409],
[143, 420],
[-1, -1],
[147, 422],
[-1, -1],
[147, 407],
[-1, -1],
[-1, -1],
[145, 409],
[-1, -1],
[153, 393],
[151, 399],
[153, 406],
[153, 407],
[-1, -1],
[147, 422],
[147, 422],
[147, 422],
[-1, -1],
[147, 413],
[145, 420],
[-1, -1],
[-1, -1],
[-1, -1],
[-1, -1],
[-1, -1],
[-1, -1],
[151, 409],
[169, 420],
[169, 418],
[175, 419],
[174, 422],
[188, 419],
[181, 420],
[204, 416],
[-1, -1],
[223, 410],
[234, 406],
[244, 401],
[255, 396],
[265, 391],
[275, 384],
[284, 377],
[294, 370],
[304, 362],
[312, 354],
[321, 346],
[330, 338],
[339, 330],
[347, 322],
[356, 315],
[364, 307],
[373, 300],
[383, 294],
[393, 287],
[403, 282],
[413, 276],
[424, 270],
[434, 265],
[444, 260],
[455, 255],
[466, 251],
[477, 247],
[488, 243],
[499, 240],
[510, 237],
[520, 233],
[530, 230],
[539, 227],
[550, 224],
[561, 221],
[571, 218],
[582, 215],
[592, 212],
[601, 208],
[610, 204],
[620, 201],
[631, 196],
[640, 192],
[651, 187],
[659, 184],
[656, 183],
[647, 184],
[651, 187],
[648, 194],
[644, 201],
[638, 207],
[631, 212],
[624, 216],
[613, 220],
[604, 222],
[593, 223],
[581, 224],
[569, 225],
[558, 226],
[548, 226],
[537, 227],
[526, 228],
[513, 229],
[502, 230],
[489, 231],
[479, 232],
[468, 233],
[456, 233],
[445, 233],
[433, 232],
[423, 231],
[412, 229],
[401, 226],
[390, 223],
[381, 219],
[371, 214],
[361, 208],
[351, 201],
[340, 194],
[331, 187],
[322, 181],
[313, 174],
[305, 166],
[296, 159],
[289, 152],
[281, 144],
[275, 135],
[268, 126],
[262, 117],
[257, 107],
[253, 98],
[250, 102],
[250, 106],
[256, 107],
[264, 111],
[272, 115],
[279, 119],
[286, 126],
[293, 135],
[299, 144],
[305, 156],
[310, 167],
[315, 178],
[320, 190],
[324, 199],
[326, 210],
[329, 222],
[331, 234],
[332, 247],
[331, 259],
[330, 271],
[327, 282],
[323, 291],
[318, 301],
[311, 310],
[304, 319],
[296, 327],
[289, 334],
[281, 341],
[271, 348],
[260, 355],
[250, 360],
[239, 367],
[228, 372],
[217, 378],
[207, 383],
[198, 388],
[187, 394],
[177, 400],
[154, 416],
[152, 420],
[150, 418],
[160, 410],
[145, 415],
[-1, -1],
[-1, -1],
[157, 409],
[147, 422],
[147, 422],
[-1, -1],
[149, 422],
[-1, -1],
[152, 420],
[154, 407],
[152, 420],
[-1, -1],
[152, 420],
[-1, -1],
[-1, -1],
[-1, -1],
[162, 410],
[147, 413],
[151, 413],
[161, 405],
[151, 413],
[160, 410],
[159, 410],
[-1, -1],
[-1, -1],
[-1, -1],
[-1, -1],
[145, 420],
[143, 420],
[152, 420],
[-1, -1],
[149, 422],
[145, 418],
[-1, -1],
[151, 401],
[-1, -1],
[145, 418],
[149, 412],
[147, 413],
[-1, -1],
[151, 407],
[153, 403],
[147, 420],
[-1, -1],
[-1, -1],
[-1, -1],
[-1, -1],
[-1, -1],
[-1, -1],
[147, 413],
[143, 420],
[156, 418],
[-1, -1],
[151, 422],
[155, 403],
[157, 408],
[-1, -1],
[-1, -1],
[149, 411],
[149, 409],
[145, 413],
[147, 420],
[-1, -1],
[-1, -1],
[-1, -1],
[152, 416],
[145, 413],
[149, 413],
[158, 407],
[147, 422],
[145, 417],
[143, 420],
[154, 407],
[-1, -1],
[152, 422],
[-1, -1],
[156, 406],
[-1, -1],
[-1, -1],
[-1, -1],
[-1, -1],
[-1, -1],
[145, 417],
[160, 408],
[-1, -1],
[-1, -1],
[162, 406],
[153, 405],
[153, 407],
[155, 401],
[-1, -1],
[147, 413],
[147, 413],
[147, 411],
[-1, -1],
[152, 422],
[-1, -1],
[-1, -1],
[-1, -1],
[158, 406],
[157, 407],
[152, 420],
[-1, -1],
[160, 407],
[165, 403],
[162, 411],
[155, 411],
[161, 412],
[-1, -1],
[159, 407],
[150, 420],
[-1, -1],
[166, 410],
[158, 409],
[-1, -1],
[159, 408],
[149, 422],
[-1, -1],
[-1, -1],
[-1, -1],
[-1, -1],
[-1, -1],
[-1, -1],
[-1, -1],
[-1, -1],
[-1, -1],
[-1, -1],
[149, 411],
[-1, -1],
[-1, -1],
[147, 422],
[-1, -1],
[-1, -1],
[151, 422],
[-1, -1],
[-1, -1],
[-1, -1],
[-1, -1],
[-1, -1],
[-1, -1],
[-1, -1],
[191, 409],
[203, 405],
[214, 401],
[226, 398],
[237, 394],
[248, 389],
[258, 384],
[270, 379],
[281, 374],
[292, 369],
[303, 365],
[314, 361],
[324, 358],
[336, 354],
[348, 351],
[359, 349],
[370, 347],
[381, 346],
[391, 344],
[402, 344],
[412, 343],
[423, 342],
[436, 342],
[445, 340],
[456, 340],
[466, 340],
[478, 341],
[488, 342],
[498, 342],
[509, 343],
[521, 343],
[533, 344],
[543, 345],
[566, 350],
[565, 347],
[578, 348],
[589, 349],
[601, 350],
[611, 351],
[625, 352],
[634, 352],
[647, 352],
[657, 351],
[655, 353],
[652, 356],
[653, 360],
[655, 366],
[658, 374],
[661, 384],
[663, 395],
[664, 404],
[667, 405],
[-1, -1],
[669, 407],
[676, 424],
[669, 414],
[673, 408],
[672, 407],
[667, 422],
[663, 406],
[659, 418],
[-1, -1],
[662, 406],
[645, 414],
[638, 418],
[630, 420],
[-1, -1],
[618, 412],
[611, 407],
[602, 401],
[595, 396],
[586, 389],
[578, 383],
[564, 372],
[561, 366],
[553, 357],
[545, 348],
[537, 338],
[530, 331],
[522, 323],
[514, 316],
[506, 309],
[497, 302],
[489, 295],
[482, 288],
[473, 281],
[465, 273],
[456, 264],
[449, 255],
[441, 245],
[434, 237],
[426, 230],
[418, 223],
[411, 216],
[403, 209],
[395, 203],
[387, 197],
[378, 190],
[370, 184],
[362, 176],
[355, 168],
[348, 160],
[340, 151],
[333, 141],
[327, 131],
[320, 121],
[314, 111],
[309, 101],
[305, 98],
[301, 101],
[297, 100],
[292, 96],
[290, 97],
[287, 99],
[282, 97],
[276, 93],
[271, 93],
[264, 96],
[255, 96],
[245, 99],
[234, 99],
[222, 100],
[210, 101],
[198, 102],
[185, 104],
[174, 105],
[166, 105],
[171, 106],
[174, 111],
[-1, -1],
[178, 124],
[179, 134],
[181, 142],
[184, 152],
[187, 162],
[191, 172],
[194, 184],
[198, 196],
[201, 208],
[204, 220],
[206, 233],
[208, 243],
[209, 254],
[210, 278],
[210, 278],
[210, 289],
[212, 301],
[212, 312],
[213, 323],
[213, 333],
[213, 345],
[213, 356],
[213, 366],
[213, 376],
[212, 388],
[212, 400],
[213, 401],
[216, 398],
[222, 399],
[227, 399],
[246, 408],
[242, 405],
[253, 408],
[264, 411],
[274, 414],
[286, 416],
[296, 417],
[306, 414],
[318, 412],
[328, 409],
[338, 405],
[348, 402],
[358, 397],
[369, 392],
[379, 387],
[390, 380],
[401, 375],
[413, 369],
[423, 363],
[433, 357],
[443, 350],
[452, 343],
[460, 337],
[468, 331],
[477, 324],
[486, 318],
[495, 313],
[505, 307],
[515, 302],
[525, 297],
[535, 292],
[545, 288],
[556, 286],
[566, 284],
[576, 283],
[587, 283],
[597, 283],
[609, 285],
[620, 287],
[630, 289],
[641, 293],
[663, 302],
[660, 300],
[661, 311],
[658, 305],
[656, 311],
[654, 320],
[649, 329],
[642, 339],
[637, 346],
[631, 353],
[622, 360],
[613, 366],
[604, 371],
[594, 376],
[584, 381],
[574, 386],
[565, 391],
[556, 396],
[546, 400],
[535, 405],
[523, 410],
[513, 413],
[505, 416],
[495, 415],
[487, 413],
[479, 410],
[471, 408],
[464, 406],
[456, 402],
[448, 398],
[439, 393],
[430, 388],
[421, 383],
[412, 376],
[403, 369],
[394, 362],
[386, 355],
[378, 346],
[371, 338],
[364, 328],
[358, 319],
[354, 309],
[351, 298],
[349, 287],
[347, 276],
[347, 264],
[347, 253],
[347, 241],
[347, 230],
[347, 218],
[348, 206],
[348, 193],
[349, 182],
[348, 170],
[347, 158],
[346, 147],
[345, 135],
[343, 125],
[342, 113],
[341, 103],
[339, 102],
[335, 107],
[331, 108],
[324, 107],
[314, 105],
[303, 103],
[293, 102],
[283, 102],
[274, 102],
[263, 104],
[254, 106],
[243, 108],
[232, 112],
[222, 115],
[212, 118],
[203, 122],
[193, 126],
[182, 129],
[172, 132],
[163, 134],
[167, 136],
[165, 142],
[161, 148],
[156, 155],
[151, 165],
[147, 175],
[146, 184],
[-1, -1],
[-1, -1],
[158, 218],
[161, 228],
[164, 237],
[167, 245],
[171, 254],
[174, 263],
[177, 272],
[181, 282],
[185, 290],
[188, 298],
[191, 309],
[193, 318],
[195, 328],
[196, 339],
[198, 350],
[199, 348],
[200, 374],
[200, 385],
[200, 398],
[201, 402],
[202, 399],
[188, 400],
[196, 396],
[188, 392],
[180, 388],
[174, 383],
[166, 375],
[159, 367],
[-1, -1],
[149, 350],
[152, 345],
[157, 339],
[162, 332],
[166, 324],
[170, 315],
[174, 306],
[178, 297],
[184, 286],
[189, 278],
[195, 269],
[202, 260],
[210, 251],
[217, 242],
[-1, -1],
[230, 224],
[236, 215],
[241, 206],
[248, 198],
[255, 188],
[262, 179],
[269, 171],
[276, 163],
[282, 154],
[290, 146],
[297, 137],
[304, 129],
[-1, -1],
[321, 112],
[329, 102],
[336, 94],
[336, 97],
[340, 101],
[347, 104],
[355, 107],
[365, 111],
[375, 116],
[386, 121],
[396, 126],
[406, 132],
[415, 139],
[424, 147],
[432, 154],
[440, 163],
[446, 171],
[453, 181],
[459, 191],
[464, 201],
[470, 213],
[476, 222],
[481, 231],
[487, 241],
[492, 251],
[498, 260],
[503, 269],
[509, 278],
[514, 288],
[519, 296],
[523, 305],
[528, 313],
[533, 323],
[537, 332],
[543, 341],
[547, 349],
[553, 359],
[557, 368],
[561, 378],
[566, 386],
[569, 396],
[572, 404],
[574, 403],
[573, 400],
[569, 400],
[564, 401],
[555, 401],
[547, 401],
[520, 396],
[526, 400],
[516, 398],
[504, 395],
[493, 393],
[481, 390],
[471, 389],
[461, 387],
[451, 385],
[441, 383],
[431, 380],
[420, 377],
[410, 373],
[399, 368],
[388, 364],
[377, 358],
[368, 354],
[358, 349],
[348, 345],
[338, 341],
[328, 337],
[319, 334],
[309, 330],
[298, 325],
[287, 319],
[277, 314],
[268, 308],
[259, 302],
[250, 296],
[241, 289],
[233, 281],
[225, 272],
[217, 263],
[210, 253],
[202, 245],
[195, 236],
[-1, -1],
[180, 218],
[173, 211],
[166, 203],
[159, 195],
[154, 188],
[153, 181],
[152, 174],
[152, 165],
[153, 155],
[154, 148],
[158, 140],
[160, 132],
[162, 125],
[162, 117],
[164, 109],
[-1, -1],
[165, 97],
[170, 94],
[170, 92],
[-1, -1],
[-1, -1],
[168, 91],
[174, 89],
[181, 86],
[189, 85],
[-1, -1],
[209, 84],
[218, 88],
[227, 90],
[234, 92],
[243, 94],
[253, 95],
[264, 96],
[276, 97],
[289, 98],
[302, 98],
[316, 97],
[329, 97],
[341, 96],
[352, 96],
[363, 95],
[374, 95],
[384, 95],
[394, 95],
[405, 97],
[416, 99],
[427, 101],
[438, 103],
[448, 106],
[458, 109],
[469, 113],
[480, 115],
[490, 118],
[499, 119],
[509, 121],
[519, 122],
[531, 122],
[541, 121],
[552, 119],
[562, 117],
[572, 114],
[583, 110],
[594, 107],
[606, 103],
[618, 99],
[-1, -1],
[638, 98],
[648, 90],
[659, 88],
[660, 88],
[-1, -1],
[661, 98],
[664, 105],
[666, 114],
[668, 124],
[668, 134],
[668, 145],
[668, 156],
[669, 166],
[670, 176],
[671, 186],
[673, 195],
[674, 203],
[672, 209],
[668, 216],
[664, 223],
[662, 231],
[659, 238],
[657, 245],
[654, 254],
[651, 264],
[647, 273],
[638, 292],
[637, 293],
[632, 302],
[627, 310],
[623, 318],
[618, 327],
[612, 336],
[598, 354],
[590, 362],
[592, 362],
[585, 370],
[578, 378],
[572, 386],
[566, 394],
[560, 403],
[558, 403],
[557, 398],
[552, 396],
[545, 393],
[537, 390],
[526, 385],
[517, 379],
[509, 374],
[502, 367],
[495, 360],
[489, 352],
[483, 345],
[478, 336],
[474, 327],
[470, 317],
[465, 306],
[461, 296],
[457, 286],
[454, 276],
[451, 267],
[448, 256],
[445, 247],
[442, 238],
[440, 227],
[438, 217],
[436, 207],
[435, 196],
[432, 185],
[429, 173],
[427, 162],
[424, 152],
[422, 143],
[418, 132],
[415, 122],
[412, 110],
[410, 100],
[-1, -1],
[400, 105],
[396, 105],
[389, 103],
[379, 100],
[369, 95],
[359, 92],
[347, 88],
[339, 88],
[328, 92],
[320, 98],
[312, 104],
[305, 111],
[298, 119],
[292, 126],
[286, 135],
[280, 144],
[273, 154],
[268, 162],
[263, 169],
[258, 177],
[253, 185],
[247, 193],
[242, 200],
[236, 208],
[229, 215],
[220, 222],
[212, 229],
[205, 234],
[198, 240],
[191, 246],
[182, 253],
[176, 259],
[168, 265],
[162, 270],
[160, 282],
[164, 283],
[165, 293],
[168, 305],
[172, 314],
[176, 323],
[181, 331],
[187, 339],
[193, 346],
[200, 352],
[208, 359],
[217, 367],
[226, 374],
[235, 382],
[244, 388],
[253, 396],
[261, 403],
[259, 403],
[276, 411],
[284, 413],
[292, 414],
[301, 416],
[313, 416],
[324, 416],
[335, 416],
[333, 420],
[354, 415],
[364, 414],
[374, 413],
[384, 413],
[394, 413],
[405, 413],
[414, 412],
[424, 413],
[434, 413],
[444, 414],
[453, 415],
[462, 410],
[473, 405],
[482, 399],
[488, 393],
[494, 387],
[499, 379],
[504, 370],
[508, 362],
[512, 352],
[514, 343],
[517, 332],
[520, 321],
[521, 311],
[522, 301],
[523, 291],
[524, 279],
[524, 269],
[523, 259],
[523, 248],
[522, 238],
[522, 227],
[521, 215],
[520, 205],
[518, 194],
[517, 183],
[516, 172],
[514, 161],
[513, 150],
[512, 139],
[511, 128],
[510, 117],
[509, 106],
[508, 101],
[509, 105],
[512, 107],
[517, 107],
[524, 104],
[535, 102],
[544, 100],
[553, 98],
[564, 97],
[574, 96],
[585, 95],
[597, 94],
[607, 92],
[619, 90],
[642, 86],
[634, 88],
[642, 89],
[650, 91],
[657, 94],
[-1, -1],
[-1, -1],
[662, 102],
[662, 109],
[663, 118],
[662, 129],
[660, 140],
[658, 152],
[655, 165],
[653, 176],
[652, 186],
[651, 194],
[650, 203],
[650, 212],
[650, 222],
[651, 232],
[652, 241],
[653, 249],
[655, 258],
[657, 267],
[658, 274],
[658, 283],
[659, 294],
[659, 305],
[660, 317],
[660, 327],
[660, 339],
[660, 349],
[660, 360],
[660, 369],
[660, 378],
[660, 386],
[660, 397],
[664, 402],
[659, 399],
[664, 402],
[647, 396],
[638, 393],
[632, 388],
[625, 381],
[619, 374],
[612, 367],
[606, 359],
[599, 350],
[593, 342],
[588, 334],
[581, 324],
[574, 315],
[568, 307],
[558, 290],
[556, 288],
[550, 281],
[543, 273],
[536, 265],
[529, 256],
[522, 248],
[514, 240],
[508, 234],
[500, 227],
[492, 220],
[484, 215],
[475, 209],
[467, 205],
[458, 200],
[450, 195],
[440, 189],
[431, 184],
[422, 179],
[413, 173],
[405, 167],
[396, 160],
[387, 153],
[378, 147],
[369, 140],
[359, 133],
[350, 126],
[340, 119],
[330, 114],
[320, 108],
[310, 102],
[300, 97],
[290, 92],
[284, 92],
[275, 92],
[264, 92],
[255, 92],
[245, 92],
[234, 91],
[223, 91],
[212, 90],
[200, 89],
[188, 88],
[177, 87],
[167, 85],
[163, 85],
[163, 86],
[163, 88],
[163, 88],
[164, 86],
[162, 85],
[162, 86],
[162, 87],
[160, 89],
[160, 90],
[161, 91],
[162, 91],
[162, 91],
[161, 91],
[160, 91],
[161, 91],
[160, 90],
[167, 100],
[161, 89],
[162, 87],
[163, 86],
[-1, -1],
[167, 88],
[162, 81],
[162, 81],
[163, 84],
[163, 88],
[159, 94],
[156, 101],
[155, 108],
[154, 116],
[155, 125],
[156, 134],
[157, 145],
[158, 155],
[159, 165],
[159, 175]]