[[584, 189],
[576, 197],
[568, 205],
[560, 215],
[551, 225],
[543, 236],
[537, 247],
[532, 258],
[528, 268],
[525, 278],
[524, 288],
[523, 299],
[522, 311],
[522, 322],
[523, 333],
[525, 345],
[527, 356],
[530, 367],
[533, 379],
[537, 389],
[542, 400],
[547, 416],
[546, 403],
[547, 403],
[551, 416],
[558, 405],
[558, 407],
[584, 414],
[580, 410],
[590, 410],
[599, 414],
[614, 412],
[625, 406],
[631, 408],
[645, 406],
[-1, -1],
[658, 399],
[649, 400],
[-1, -1],
[657, 404],
[661, 407],
[670, 420],
[672, 413],
[-1, -1],
[-1, -1],
[-1, -1],
[667, 416],
[672, 413],
[-1, -1],
[-1, -1],
[676, 424],
[676, 421],
[674, 417],
[670, 418],
[-1, -1],
[-1, -1],
[674, 408],
[674, 412],
[672, 394],
[668, 385]]
