[[584, 189],
[576, 197],
[568, 205],
[560, 215],
[551, 225],
[543, 236],
[537, 247],
[532, 258],
[528, 268],
[525, 278],
[524, 288],
[523, 299],
[522, 311],
[522, 322],
[523, 333],
[525, 345],
[527, 356],
[530, 367],
[533, 379],
[537, 389],
[542, 400],
[547, 416],
[546, 403],
[547, 403],
[551, 416],
[558, 405],
[558, 407],
[584, 414],
[580, 410],
[590, 410],
[599, 414],
[614, 412],
[625, 406],
[631, 408],
[645, 406],
[-1, -1],
[658, 399],
[649, 400],
[-1, -1],
[657, 404],
[661, 407],
[670, 420],
[672, 413],
[-1, -1],
[-1, -1],
[-1, -1],
[667, 416],
[672, 413],
[-1, -1],
[-1, -1],
[676, 424],
[676, 421],
[674, 417],
[670, 418],
[-1, -1],
[-1, -1],
[674, 408],
[674, 412],
[672, 394],
[668, 385],
[667, 376],
[660, 363],
[662, 355],
[652, 342],
[647, 332],
[642, 322],
[637, 313],
[632, 304],
[626, 294],
[621, 285],
[614, 275],
[608, 265],
[598, 242],
[597, 243],
[591, 232],
[585, 221],
[580, 210],
[575, 198],
[569, 187],
[564, 176],
[558, 166],
[554, 156],
[548, 145],
[543, 133],
[538, 122],
[533, 110],
[529, 101],
[529, 107],
[523, 112],
[516, 114],
[505, 117],
[494, 121],
[484, 125],
[473, 130],
[464, 136],
[455, 143],
[447, 152],
[439, 161],
[433, 171],
[428, 181],
[423, 191],
[418, 203],
[415, 213],
[411, 225],
[407, 237],
[404, 248],
[401, 259],
[396, 270],
[392, 281],
[388, 291],
[383, 301],
[379, 311],
[374, 322],
[370, 331],
[366, 342],
[361, 354],
[357, 366],
[352, 378],
[348, 390],
[343, 402]]
